First Robot | Second Robot | Step
    (28,17)        (6 1)         0
    (27,17)        (7 1)         1
    (26,17)        (8 1)         2
    (25,17)        (9 1)         3
    (24,17)        (10 1)         4
    (24,16)        (11 1)         5
    (23,16)        (12 1)         6
    (22,16)        (12 2)         7
    (21,16)        (12 3)         8
    (20,16)        (12 4)         9
    (19,16)        (12 5)         10
    (18,16)        (12 6)         11
    (17,16)        (13 6)         12
    (17,15)        (13 7)         13
    (16,15)        (14 7)         14
    (15,15)        (15 7)         15
    (14,15)        (15 8)         16
    (13,15)        (15 9)         17
    (12,15)        (15 10)         18
    (11,15)        (15 11)         19
    (10,15)        (15 12)         20
    (10,16)        (15 13)         21
    (9,16)        (15 14)         22
    (9,17)        (15 15)         23
    (9,18)        (16 15)         24
    (9,19)        (17 15)         25
    (9,20)        (18 15)         26
    (9,21)        (19 15)         27
    (9,22)        (19 16)         28
    (8,22)        (18 16)         29
    (8,23)        (18 17)         30
    (7,23)        (18 18)         31
    (7,24)        (17 18)         32
    (7,25)        (16 18)         33
    (7,26)        (15 18)         34
    (6,26)        (15 19)         35
    (6,27)        (14 19)         36
    (6,28)        (13 19)         37
    (5,28)        (12 19)         38
    (5,29)        (11 19)         39
    (4,29)        (10 19)         40
    (3,29)        (9 19)         41
Wait for 2nd     (9 20)         42
Wait for 2nd     (9 21)         43
Wait for 2nd     (9 22)         44
Wait for 2nd     (8 22)         45
Wait for 2nd     (8 23)         46
Wait for 2nd     (7 23)         47
Wait for 2nd     (7 24)         48
Wait for 2nd     (7 25)         49
Wait for 2nd     (7 26)         50
Wait for 2nd     (6 26)         51
Wait for 2nd     (6 27)         52
Wait for 2nd     (6 28)         53
Wait for 2nd     (5 28)         54
Wait for 2nd     (5 29)         55
Wait for 2nd     (4 29)         56
    (4,29)        (5 29)         57
    (5,29)        (6 29)         58
    (6,29)        (6 28)         59
    (7,29)        (6 27)         60
    (8,29)        (6 26)         61
    (9,29)        (6 25)         62
    (10,29)        (6 24)         63
    (11,29)        (6 23)         64
    (12,29)        (6 22)         65
    (12,28)        (6 21)         66
    (13,28)        (6 20)         67
    (14,28)        (6 19)         68
    (15,28)        (6 18)         69
    (16,28)        (6 17)         70
    (17,28)        (6 16)         71
    (18,28)        (6 15)         72
    (19,28)        (6 14)         73
    (20,28)        (6 13)         74
    (20,27)        (7 13)         75
    (21,27)        (7 12)         76
    (22,27)        (7 11)         77
    (23,27)        (6 11)         78
    (24,27)        (6 10)         79
    (25,27)        (5 10)         80
    (26,27)        (5 9)         81
    (27,27)        (5 8)         82
    (28,27)        (6 8)         83
    (28,26)        (6 7)         84
    (28,25)        (6 6)         85
    (28,24)        (6 5)         86
    (28,23)        (6 4)         87
    (28,22)        (6 3)         88
    (28,21)        (6 2)         89
    (28,20)        (6 1)         90
    (28,19)    Wait for 1st      91
    (28,18)    Wait for 1st      92
    (28,17)    Wait for 1st      93
Number of nodes: 479
