Conflict -- Danger of crashing
Robot 1 considering new position <16,21> at step 18
Robot 2 considering new position <16,21> at step 19
Resolving -- Robot 2 considering new alternative position <13,19> at step 14
** End of Conflict **
First Robot | Second Robot | Step
    (14,29)        (3 23)         0
    (15,29)        (4 23)         1
    (16,29)        (5 23)         2
    (17,29)        (6 23)         3
    (18,29)        (7 23)         4
    (19,29)        (7 22)         5
    (19,30)        (8 22)         6
    (18,30)        (9 22)         7
    (17,30)        (10 22)         8
    (17,29)        (11 22)         9
    (16,29)        (11 21)         10
    (16,28)        (11 20)         11
    (16,27)        (12 20)         12
    (16,26)        (13 20)         13
    (16,25)        (14 20)         14
    (16,24)        (14 19)         15
    (16,23)        (15 19)         16
    (16,22)        (16 19)         17
    (16,21)        (17 19)         18
    (16,20)        (18 19)         19
    (16,19)        (19 19)         20
    (15,19)        (19 20)         21
    (14,19)        (19 21)         22
    (13,19)        (19 22)         23
    (13,18)        (19 23)         24
    (12,18)        (19 24)         25
    (12,17)        (19 25)         26
    (12,16)        (19 26)         27
    (12,15)        (19 27)         28
    (12,14)        (20 27)         29
    (12,13)        (20 28)         30
    (12,12)        (20 29)         31
    (12,11)        (19 29)         32
    (12,10)        (19 30)         33
    (12,9)        (18 30)         34
    (12,8)        (17 30)         35
    (12,7)        (17 29)         36
    (12,8)        (16 29)         37
    (12,9)        (16 28)         38
    (12,10)        (16 27)         39
    (12,11)        (16 26)         40
    (12,12)        (16 25)         41
    (12,13)        (16 24)         42
    (12,14)        (16 23)         43
    (12,15)        (16 22)         44
    (12,16)        (16 21)         45
    (12,17)        (16 20)         46
    (12,18)        (16 19)         47
    (13,18)        (15 19)         48
    (13,19)        (14 19)         49
    (13,20)        (13 19)         50
    (12,20)        (13 18)         51
    (11,20)        (12 18)         52
    (10,20)        (12 17)         53
    (9,20)        (12 16)         54
    (8,20)        (12 15)         55
    (7,20)        (12 14)         56
    (6,20)        (12 13)         57
    (5,20)        (12 12)         58
    (4,20)        (12 11)         59
    (4,21)        (12 10)         60
    (4,22)        (12 9)         61
    (4,23)        (12 8)         62
    (4,24)        (12 7)         63
    (4,25)        (11 7)         64
Wait for 2nd     (10 7)         65
Wait for 2nd     (10 8)         66
Wait for 2nd     (10 9)         67
Wait for 2nd     (10 10)         68
Wait for 2nd     (10 11)         69
Wait for 2nd     (10 12)         70
Wait for 2nd     (9 12)         71
Wait for 2nd     (8 12)         72
Wait for 2nd     (8 13)         73
Wait for 2nd     (7 13)         74
Wait for 2nd     (7 14)         75
Wait for 2nd     (6 14)         76
Wait for 2nd     (6 15)         77
Wait for 2nd     (6 16)         78
Wait for 2nd     (6 17)         79
Wait for 2nd     (5 17)         80
Wait for 2nd     (5 18)         81
Wait for 2nd     (4 18)         82
Wait for 2nd     (4 19)         83
Wait for 2nd     (4 20)         84
Wait for 2nd     (4 21)         85
Wait for 2nd     (4 22)         86
Wait for 2nd     (4 23)         87
Wait for 2nd     (4 24)         88
    (5,25)        (3 24)         89
    (6,25)        (3 23)         90
    (7,25)    Wait for 1st      91
    (7,26)    Wait for 1st      92
    (8,26)    Wait for 1st      93
    (9,26)    Wait for 1st      94
    (10,26)    Wait for 1st      95
    (11,26)    Wait for 1st      96
    (12,26)    Wait for 1st      97
    (13,26)    Wait for 1st      98
    (14,26)    Wait for 1st      99
    (14,27)    Wait for 1st      100
    (14,28)    Wait for 1st      101
    (14,29)    Wait for 1st      102
Number of nodes: 526
