First Robot | Second Robot | Step
    (6,31)        (37 23)         0
    (5,31)        (37 24)         1
    (5,30)        (37 25)         2
    (5,29)        (37 26)         3
    (6,29)        (38 26)         4
    (6,28)        (38 27)         5
    (7,28)        (38 28)         6
    (8,28)        (37 28)         7
    (8,27)        (37 29)         8
    (9,27)        (37 30)         9
    (10,27)        (36 30)         10
    (10,26)        (35 30)         11
    (10,25)        (34 30)         12
    (10,24)        (33 30)         13
    (11,24)        (32 30)         14
    (11,23)        (31 30)         15
    (12,23)        (31 29)         16
    (13,23)        (30 29)         17
    (14,23)        (29 29)         18
    (15,23)        (28 29)         19
    (16,23)        (27 29)         20
    (17,23)        (26 29)         21
    (18,23)        (25 29)         22
    (19,23)        (25 28)         23
    (20,23)        (25 27)         24
    (20,24)        (25 26)         25
    (21,24)        (24 26)         26
    (22,24)        (23 26)         27
    (23,24)        (22 26)         28
    (24,24)        (21 26)         29
    (25,24)        (20 26)         30
    (25,25)        (19 26)         31
    (25,26)        (18 26)         32
    (26,26)        (17 26)         33
    (27,26)        (16 26)         34
    (28,26)        (15 26)         35
    (29,26)        (14 26)         36
    (30,26)        (14 25)         37
    (31,26)        (13 25)         38
    (31,27)        (13 24)         39
    (31,28)        (13 23)         40
    (31,29)        (12 23)         41
    (31,28)        (11 23)         42
    (31,27)        (11 24)         43
    (31,26)        (10 24)         44
    (30,26)        (9 24)         45
    (30,25)        (8 24)         46
    (30,24)        (7 24)         47
    (29,24)        (6 24)         48
    (29,23)        (6 25)         49
    (29,22)        (6 26)         50
    (29,21)        (6 27)         51
    (29,20)        (6 28)         52
    (29,19)        (7 28)         53
    (29,18)        (8 28)         54
    (29,17)        (8 27)         55
    (29,16)        (9 27)         56
    (29,15)        (10 27)         57
    (29,14)        (11 27)         58
    (29,13)        (12 27)         59
    (29,12)        (12 26)         60
    (30,12)        (12 25)         61
    (31,12)        (13 25)         62
    (31,11)        (14 25)         63
    (32,11)        (14 24)         64
    (32,10)        (15 24)         65
    (32,9)        (16 24)         66
    (33,9)        (17 24)         67
    (33,8)        (18 24)         68
    (34,8)        (19 24)         69
    (34,7)        (20 24)         70
    (34,6)        (21 24)         71
    (34,5)        (22 24)         72
    (35,5)        (23 24)         73
    (36,5)        (24 24)         74
    (36,4)        (25 24)         75
    (37,4)        (26 24)         76
    (37,3)        (26 23)         77
    (38,3)        (26 22)         78
Wait for 2nd     (27 22)         79
Wait for 2nd     (27 21)         80
Wait for 2nd     (27 20)         81
Wait for 2nd     (28 20)         82
Wait for 2nd     (28 19)         83
Wait for 2nd     (29 19)         84
Wait for 2nd     (29 18)         85
Wait for 2nd     (29 17)         86
Wait for 2nd     (29 16)         87
Wait for 2nd     (29 15)         88
Wait for 2nd     (29 14)         89
Wait for 2nd     (30 14)         90
Wait for 2nd     (31 14)         91
Wait for 2nd     (31 13)         92
Wait for 2nd     (31 12)         93
Wait for 2nd     (31 11)         94
Wait for 2nd     (32 11)         95
Wait for 2nd     (32 10)         96
Wait for 2nd     (32 9)         97
Wait for 2nd     (33 9)         98
Wait for 2nd     (33 8)         99
Wait for 2nd     (34 8)         100
Wait for 2nd     (34 7)         101
Wait for 2nd     (34 6)         102
Wait for 2nd     (34 5)         103
Wait for 2nd     (35 5)         104
Wait for 2nd     (36 5)         105
Wait for 2nd     (36 4)         106
Wait for 2nd     (37 4)         107
Wait for 2nd     (37 3)         108
    (37,3)        (37 4)         109
    (36,3)        (36 4)         110
    (35,3)        (36 5)         111
    (34,3)        (35 5)         112
    (33,3)        (34 5)         113
    (32,3)        (34 6)         114
    (32,4)        (34 7)         115
    (32,5)        (34 8)         116
    (31,5)        (34 9)         117
    (30,5)        (34 10)         118
    (29,5)        (34 11)         119
    (28,5)        (34 12)         120
    (27,5)        (35 12)         121
    (26,5)        (35 13)         122
    (25,5)        (35 14)         123
    (24,5)        (36 14)         124
    (23,5)        (36 15)         125
    (22,5)        (37 15)         126
    (22,6)        (37 16)         127
    (21,6)        (37 17)         128
    (20,6)        (37 18)         129
    (19,6)        (38 18)         130
    (18,6)        (39 18)         131
    (17,6)        (40 18)         132
    (16,6)        (40 19)         133
    (15,6)        (40 20)         134
    (14,6)        (40 21)         135
    (13,6)        (40 22)         136
    (12,6)        (40 23)         137
    (11,6)        (39 23)         138
    (10,6)        (38 23)         139
    (9,6)        (37 23)         140
    (9,7)    Wait for 1st      141
    (8,7)    Wait for 1st      142
    (7,7)    Wait for 1st      143
    (7,8)    Wait for 1st      144
    (7,9)    Wait for 1st      145
    (6,9)    Wait for 1st      146
    (6,10)    Wait for 1st      147
    (6,11)    Wait for 1st      148
    (6,12)    Wait for 1st      149
    (6,13)    Wait for 1st      150
    (6,14)    Wait for 1st      151
    (6,15)    Wait for 1st      152
    (6,16)    Wait for 1st      153
    (6,17)    Wait for 1st      154
    (6,18)    Wait for 1st      155
    (6,19)    Wait for 1st      156
    (6,20)    Wait for 1st      157
    (6,21)    Wait for 1st      158
    (6,22)    Wait for 1st      159
    (6,23)    Wait for 1st      160
    (6,24)    Wait for 1st      161
    (6,25)    Wait for 1st      162
    (6,26)    Wait for 1st      163
    (6,27)    Wait for 1st      164
    (6,28)    Wait for 1st      165
    (6,29)    Wait for 1st      166
    (5,29)    Wait for 1st      167
    (5,30)    Wait for 1st      168
    (5,31)    Wait for 1st      169
    (6,31)    Wait for 1st      170
Number of nodes: 1593
