Conflict -- Danger of crashing
Robot 1 considering new position <22,39> at step 36
Robot 2 considering new position <22,39> at step 37
Resolving -- Robot 2 considering new alternative position <21,40> at step 37
** End of Conflict **
First Robot | Second Robot | Step
    (47,38)        (30 26)         0
    (46,38)        (30 25)         1
    (45,38)        (31 25)         2
    (44,38)        (32 25)         3
    (43,38)        (32 24)         4
    (43,39)        (32 23)         5
    (43,40)        (32 22)         6
    (42,40)        (31 22)         7
    (41,40)        (30 22)         8
    (40,40)        (29 22)         9
    (40,39)        (28 22)         10
    (39,39)        (27 22)         11
    (38,39)        (26 22)         12
    (37,39)        (25 22)         13
    (36,39)        (24 22)         14
    (35,39)        (23 22)         15
    (34,39)        (22 22)         16
    (34,40)        (22 23)         17
    (34,41)        (22 24)         18
    (33,41)        (22 25)         19
    (32,41)        (21 25)         20
    (32,40)        (21 26)         21
    (31,40)        (21 27)         22
    (30,40)        (21 28)         23
    (30,39)        (21 29)         24
    (30,38)        (21 30)         25
    (29,38)        (21 31)         26
    (29,37)        (22 31)         27
    (28,37)        (22 32)         28
    (27,37)        (22 33)         29
    (26,37)        (22 34)         30
    (26,38)        (22 35)         31
    (25,38)        (21 35)         32
    (24,38)        (21 36)         33
    (23,38)        (21 37)         34
    (23,39)        (21 38)         35
    (22,39)        (21 39)         36
    (21,39)        (21 40)         37
    (21,38)        (22 40)         38
    (20,38)        (23 40)         39
    (19,38)        (24 40)         40
    (18,38)        (25 40)         41
    (17,38)        (25 39)         42
    (17,37)        (26 39)         43
    (16,37)        (26 38)         44
    (15,37)        (27 38)         45
    (14,37)        (27 37)         46
    (14,36)        (28 37)         47
    (14,35)        (29 37)         48
    (13,35)        (29 38)         49
    (12,35)        (30 38)         50
    (11,35)        (30 39)         51
    (10,35)        (30 40)         52
    (9,35)        (31 40)         53
    (8,35)        (32 40)         54
    (8,34)        (32 41)         55
    (7,34)        (33 41)         56
    (7,33)        (34 41)         57
    (7,32)        (35 41)         58
    (8,32)        (36 41)         59
    (8,31)        (37 41)         60
    (8,30)        (38 41)         61
    (8,29)        (39 41)         62
    (8,28)        (40 41)         63
    (7,28)        (40 40)         64
    (6,28)        (40 39)         65
    (6,29)        (39 39)         66
    (6,30)        (38 39)         67
    (5,30)        (37 39)         68
    (5,31)        (36 39)         69
    (5,32)        (35 39)         70
    (5,33)        (34 39)         71
    (5,34)        (34 40)         72
    (5,35)        (34 41)         73
    (5,36)        (33 41)         74
    (5,37)        (32 41)         75
    (4,37)        (32 42)         76
    (4,38)        (32 43)         77
    (4,39)        (31 43)         78
    (5,39)        (30 43)         79
    (5,40)        (29 43)         80
    (5,41)        (28 43)         81
    (6,41)        (27 43)         82
    (6,42)        (26 43)         83
    (6,43)        (25 43)         84
    (5,43)        (25 44)         85
    (6,43)        (24 44)         86
    (7,43)        (23 44)         87
    (8,43)        (22 44)         88
    (9,43)        (21 44)         89
    (10,43)        (21 43)         90
    (11,43)        (20 43)         91
    (12,43)        (19 43)         92
    (13,43)        (18 43)         93
    (13,42)        (17 43)         94
    (14,42)        (16 43)         95
    (15,42)        (15 43)         96
    (15,41)        (15 44)         97
    (16,41)        (14 44)         98
    (17,41)        (13 44)         99
    (18,41)        (12 44)         100
    (19,41)        (11 44)         101
    (20,41)        (11 43)         102
    (21,41)        (10 43)         103
    (22,41)        (9 43)         104
    (23,41)        (8 43)         105
    (24,41)        (7 43)         106
    (25,41)        (6 43)         107
    (26,41)        (5 43)         108
    (27,41)        (4 43)         109
    (28,41)        (4 44)         110
    (29,41)        (5 44)         111
    (30,41)        (6 44)         112
    (30,40)        (7 44)         113
    (30,39)        (8 44)         114
    (30,38)        (8 43)         115
    (31,38)        (8 42)         116
    (31,37)        (8 41)         117
    (32,37)        (8 40)         118
    (32,36)        (8 39)         119
    (32,35)        (8 38)         120
    (32,34)        (8 37)         121
    (32,33)        (8 36)         122
    (33,33)        (8 35)         123
    (33,32)        (8 34)         124
    (33,31)        (7 34)         125
    (32,31)        (7 33)         126
    (32,30)        (7 32)         127
    (32,29)        (8 32)         128
    (32,28)        (8 31)         129
    (32,27)        (8 30)         130
    (32,26)        (8 29)         131
    (32,25)        (8 28)         132
    (32,24)        (8 27)         133
    (32,23)        (9 27)         134
    (32,22)        (10 27)         135
    (31,22)        (11 27)         136
    (30,22)        (12 27)         137
    (29,22)        (12 26)         138
    (28,22)        (12 25)         139
    (27,22)        (13 25)         140
    (26,22)        (14 25)         141
    (25,22)        (15 25)         142
    (24,22)        (16 25)         143
    (23,22)        (17 25)         144
    (22,22)        (18 25)         145
    (21,22)        (19 25)         146
    (20,22)        (20 25)         147
    (19,22)        (21 25)         148
    (19,23)        (22 25)         149
    (18,23)        (22 24)         150
    (18,24)        (23 24)         151
    (18,25)        (24 24)         152
    (17,25)        (25 24)         153
    (16,25)        (26 24)         154
    (15,25)        (27 24)         155
    (14,25)        (28 24)         156
    (13,25)        (29 24)         157
    (12,25)        (29 23)         158
    (11,25)        (29 22)         159
    (10,25)        (30 22)         160
    (9,25)        (31 22)         161
    (8,25)        (32 22)         162
    (7,25)        (33 22)         163
    (7,26)        (34 22)         164
    (6,26)        (35 22)         165
    (5,26)        (36 22)         166
    (4,26)        (36 21)         167
    (4,27)        (37 21)         168
    (4,28)        (37 20)         169
    (4,29)        (37 19)         170
    (4,30)        (37 18)         171
    (5,30)        (37 17)         172
    (5,31)        (37 16)         173
    (5,32)        (37 15)         174
    (4,32)        (36 15)         175
    (4,33)        (36 14)         176
    (4,34)        (35 14)         177
    (4,35)        (35 13)         178
    (4,36)        (35 12)         179
    (4,37)        (36 12)         180
    (4,38)        (37 12)         181
    (4,39)    Wait for 1st      182
    (4,40)    Wait for 1st      183
    (4,41)    Wait for 1st      184
    (4,42)    Wait for 1st      185
    (4,43)    Wait for 1st      186
    (4,44)    Wait for 1st      187
    (5,44)    Wait for 1st      188
    (6,44)    Wait for 1st      189
    (7,44)    Wait for 1st      190
    (8,44)    Wait for 1st      191
    (9,44)    Wait for 1st      192
    (9,43)    Wait for 1st      193
    (10,43)    Wait for 1st      194
    (11,43)    Wait for 1st      195
    (12,43)    Wait for 1st      196
    (13,43)    Wait for 1st      197
    (13,42)    Wait for 1st      198
    (14,42)    Wait for 1st      199
    (15,42)    Wait for 1st      200
    (15,41)    Wait for 1st      201
    (16,41)    Wait for 1st      202
    (17,41)    Wait for 1st      203
    (18,41)    Wait for 1st      204
    (19,41)    Wait for 1st      205
    (20,41)    Wait for 1st      206
    (21,41)    Wait for 1st      207
    (22,41)    Wait for 1st      208
    (23,41)    Wait for 1st      209
    (24,41)    Wait for 1st      210
    (25,41)    Wait for 1st      211
    (26,41)    Wait for 1st      212
    (27,41)    Wait for 1st      213
    (28,41)    Wait for 1st      214
    (29,41)    Wait for 1st      215
    (30,41)    Wait for 1st      216
    (30,40)    Wait for 1st      217
    (30,39)    Wait for 1st      218
    (30,38)    Wait for 1st      219
    (31,38)    Wait for 1st      220
    (31,37)    Wait for 1st      221
    (32,37)    Wait for 1st      222
    (32,36)    Wait for 1st      223
    (32,35)    Wait for 1st      224
    (32,34)    Wait for 1st      225
    (33,34)    Wait for 1st      226
    (34,34)    Wait for 1st      227
    (35,34)    Wait for 1st      228
    (36,34)    Wait for 1st      229
    (37,34)    Wait for 1st      230
    (37,33)    Wait for 1st      231
    (37,32)    Wait for 1st      232
    (38,32)    Wait for 1st      233
    (38,31)    Wait for 1st      234
    (38,30)    Wait for 1st      235
    (38,29)    Wait for 1st      236
    (37,29)    Wait for 1st      237
    (37,28)    Wait for 1st      238
    (36,28)    Wait for 1st      239
    (36,27)    Wait for 1st      240
    (36,26)    Wait for 1st      241
    (37,26)    Wait for 1st      242
    (37,25)    Wait for 1st      243
    (37,24)    Wait for 1st      244
    (37,23)    Wait for 1st      245
    (38,23)    Wait for 1st      246
    (38,22)    Wait for 1st      247
    (38,21)    Wait for 1st      248
    (37,21)    Wait for 1st      249
    (37,20)    Wait for 1st      250
    (37,19)    Wait for 1st      251
    (37,18)    Wait for 1st      252
    (37,17)    Wait for 1st      253
    (37,16)    Wait for 1st      254
    (37,15)    Wait for 1st      255
    (36,15)    Wait for 1st      256
    (36,14)    Wait for 1st      257
    (35,14)    Wait for 1st      258
    (35,13)    Wait for 1st      259
    (35,12)    Wait for 1st      260
    (36,12)    Wait for 1st      261
    (37,12)    Wait for 1st      262
    (37,13)    Wait for 1st      263
    (37,12)        (36 12)         264
    (38,12)        (35 12)         265
    (39,12)        (34 12)         266
    (40,12)        (33 12)         267
    (41,12)        (32 12)         268
    (42,12)        (31 12)         269
    (43,12)        (30 12)         270
    (44,12)        (30 13)         271
    (45,12)        (30 14)         272
    (45,13)        (30 15)         273
    (46,13)        (30 16)         274
    (47,13)        (30 17)         275
    (47,14)        (30 18)         276
    (47,15)        (31 18)         277
    (47,16)        (31 19)         278
    (47,17)        (31 20)         279
    (47,18)        (31 21)         280
    (47,19)        (31 22)         281
    (47,20)        (31 23)         282
    (47,21)        (31 24)         283
    (47,22)        (31 25)         284
    (47,23)        (30 25)         285
    (46,23)        (30 26)         286
    (45,23)    Wait for 1st      287
    (45,24)    Wait for 1st      288
    (45,25)    Wait for 1st      289
    (46,25)    Wait for 1st      290
    (46,26)    Wait for 1st      291
    (47,26)    Wait for 1st      292
    (47,27)    Wait for 1st      293
    (47,28)    Wait for 1st      294
    (47,29)    Wait for 1st      295
    (47,30)    Wait for 1st      296
    (47,31)    Wait for 1st      297
    (48,31)    Wait for 1st      298
    (48,32)    Wait for 1st      299
    (48,33)    Wait for 1st      300
    (47,33)    Wait for 1st      301
    (47,34)    Wait for 1st      302
    (47,35)    Wait for 1st      303
    (47,36)    Wait for 1st      304
    (47,37)    Wait for 1st      305
    (47,38)    Wait for 1st      306
Number of nodes: 1235
