First Robot | Second Robot | Step
    (14,29)        (3 23)         0
    (15,29)        (4 23)         1
    (16,29)        (5 23)         2
    (17,29)        (6 23)         3
    (18,29)        (7 23)         4
    (19,29)        (7 22)         5
    (19,30)        (8 22)         6
    (18,30)        (9 22)         7
    (17,30)        (10 22)         8
    (17,29)        (11 22)         9
    (16,29)        (11 21)         10
    (15,29)        (11 20)         11
    (14,29)        (12 20)         12
    (13,29)        (13 20)         13
    (12,29)        (14 20)         14
    (12,28)        (14 19)         15
    (12,27)        (15 19)         16
    (12,26)        (16 19)         17
    (12,25)        (17 19)         18
    (13,25)        (18 19)         19
    (13,24)        (19 19)         20
    (14,24)        (19 20)         21
    (14,23)        (19 21)         22
    (15,23)        (19 22)         23
    (15,22)        (19 23)         24
    (15,21)        (19 24)         25
    (16,21)        (19 25)         26
    (16,20)        (19 26)         27
    (16,19)        (19 27)         28
    (15,19)        (20 27)         29
    (14,19)        (20 28)         30
    (13,19)        (20 29)         31
    (13,18)        (19 29)         32
    (12,18)        (19 30)         33
    (12,17)        (18 30)         34
    (12,16)        (17 30)         35
    (12,15)        (17 29)         36
    (12,14)        (16 29)         37
    (12,13)        (15 29)         38
    (12,12)        (14 29)         39
    (12,11)        (13 29)         40
    (12,10)        (12 29)         41
    (12,9)        (12 28)         42
    (12,8)        (12 27)         43
    (12,7)        (12 26)         44
    (12,8)        (12 25)         45
    (12,9)        (13 25)         46
    (12,10)        (13 24)         47
    (12,11)        (14 24)         48
    (12,12)        (14 23)         49
    (12,13)        (15 23)         50
    (12,14)        (15 22)         51
    (12,15)        (15 21)         52
    (12,16)        (16 21)         53
    (12,17)        (16 20)         54
    (12,18)        (16 19)         55
    (13,18)        (15 19)         56
    (13,19)        (14 19)         57
    (13,20)        (13 19)         58
    (12,20)        (13 18)         59
    (11,20)        (12 18)         60
    (10,20)        (12 17)         61
    (9,20)        (12 16)         62
    (8,20)        (12 15)         63
    (7,20)        (12 14)         64
    (6,20)        (12 13)         65
    (5,20)        (12 12)         66
    (4,20)        (12 11)         67
    (4,21)        (12 10)         68
    (4,22)        (12 9)         69
    (4,23)        (12 8)         70
    (4,24)        (12 7)         71
    (4,25)        (11 7)         72
Wait for 2nd     (10 7)         73
Wait for 2nd     (9 7)         74
Wait for 2nd     (8 7)         75
Wait for 2nd     (7 7)         76
Wait for 2nd     (6 7)         77
Wait for 2nd     (5 7)         78
Wait for 2nd     (4 7)         79
Wait for 2nd     (4 8)         80
Wait for 2nd     (4 9)         81
Wait for 2nd     (4 10)         82
Wait for 2nd     (5 10)         83
Wait for 2nd     (5 11)         84
Wait for 2nd     (5 12)         85
Wait for 2nd     (4 12)         86
Wait for 2nd     (4 13)         87
Wait for 2nd     (4 14)         88
Wait for 2nd     (4 15)         89
Wait for 2nd     (4 16)         90
Wait for 2nd     (3 16)         91
Wait for 2nd     (3 17)         92
Wait for 2nd     (3 18)         93
Wait for 2nd     (4 18)         94
Wait for 2nd     (4 19)         95
Wait for 2nd     (4 20)         96
Wait for 2nd     (4 21)         97
Wait for 2nd     (4 22)         98
Wait for 2nd     (4 23)         99
Wait for 2nd     (4 24)         100
    (5,25)        (3 24)         101
    (6,25)        (3 23)         102
    (7,25)    Wait for 1st      103
    (7,26)    Wait for 1st      104
    (8,26)    Wait for 1st      105
    (9,26)    Wait for 1st      106
    (10,26)    Wait for 1st      107
    (11,26)    Wait for 1st      108
    (12,26)    Wait for 1st      109
    (13,26)    Wait for 1st      110
    (14,26)    Wait for 1st      111
    (14,27)    Wait for 1st      112
    (14,28)    Wait for 1st      113
    (14,29)    Wait for 1st      114
Number of nodes: 459
