First Robot | Second Robot | Step
    (28,17)        (6 1)         0
    (27,17)        (7 1)         1
    (26,17)        (8 1)         2
    (25,17)        (9 1)         3
    (24,17)        (10 1)         4
    (24,16)        (11 1)         5
    (23,16)        (12 1)         6
    (22,16)        (13 1)         7
    (21,16)        (14 1)         8
    (20,16)        (14 2)         9
    (19,16)        (14 3)         10
    (18,16)        (14 4)         11
    (17,16)        (15 4)         12
    (17,15)        (16 4)         13
    (16,15)        (16 5)         14
    (15,15)        (16 6)         15
    (14,15)        (15 6)         16
    (13,15)        (15 7)         17
    (12,15)        (15 8)         18
    (11,15)        (15 9)         19
    (10,15)        (15 10)         20
    (10,16)        (15 11)         21
    (9,16)        (15 12)         22
    (9,17)        (15 13)         23
    (9,18)        (15 14)         24
    (9,19)        (15 15)         25
    (9,20)        (16 15)         26
    (9,21)        (17 15)         27
    (9,22)        (18 15)         28
    (8,22)        (19 15)         29
    (8,23)        (19 16)         30
    (7,23)        (18 16)         31
    (6,23)        (18 17)         32
    (5,23)        (18 18)         33
    (4,23)        (17 18)         34
    (3,23)        (16 18)         35
    (3,24)        (15 18)         36
    (3,25)        (15 19)         37
    (4,25)        (14 19)         38
    (4,26)        (13 19)         39
    (4,27)        (12 19)         40
    (3,27)        (11 19)         41
    (3,28)        (10 19)         42
    (3,29)        (9 19)         43
Wait for 2nd     (9 20)         44
Wait for 2nd     (9 21)         45
Wait for 2nd     (9 22)         46
Wait for 2nd     (8 22)         47
Wait for 2nd     (8 23)         48
Wait for 2nd     (7 23)         49
Wait for 2nd     (6 23)         50
Wait for 2nd     (5 23)         51
Wait for 2nd     (4 23)         52
Wait for 2nd     (3 23)         53
Wait for 2nd     (3 24)         54
Wait for 2nd     (3 25)         55
Wait for 2nd     (4 25)         56
Wait for 2nd     (4 26)         57
Wait for 2nd     (4 27)         58
Wait for 2nd     (3 27)         59
Wait for 2nd     (3 28)         60
    (4,29)        (3 27)         61
    (5,29)        (4 27)         62
    (6,29)        (4 26)         63
    (7,29)        (4 25)         64
    (8,29)        (5 25)         65
    (9,29)        (6 25)         66
    (10,29)        (6 24)         67
    (11,29)        (6 23)         68
    (12,29)        (6 22)         69
    (12,28)        (6 21)         70
    (13,28)        (6 20)         71
    (14,28)        (6 19)         72
    (15,28)        (6 18)         73
    (16,28)        (6 17)         74
    (17,28)        (6 16)         75
    (18,28)        (6 15)         76
    (19,28)        (6 14)         77
    (20,28)        (6 13)         78
    (20,27)        (7 13)         79
    (21,27)        (7 12)         80
    (22,27)        (7 11)         81
    (23,27)        (6 11)         82
    (24,27)        (6 10)         83
    (25,27)        (5 10)         84
    (26,27)        (5 9)         85
    (27,27)        (5 8)         86
    (28,27)        (6 8)         87
    (28,26)        (6 7)         88
    (28,25)        (6 6)         89
    (28,24)        (6 5)         90
    (28,23)        (6 4)         91
    (28,22)        (6 3)         92
    (28,21)        (6 2)         93
    (28,20)        (6 1)         94
    (28,19)    Wait for 1st      95
    (28,18)    Wait for 1st      96
    (28,17)    Wait for 1st      97
Number of nodes: 426
