First Robot | Second Robot | Step
    (39,36)        (71 2)         0
    (40,36)        (72 2)         1
    (40,37)        (73 2)         2
    (41,37)        (74 2)         3
    (42,37)        (75 2)         4
    (43,37)        (76 2)         5
    (43,38)        (76 3)         6
    (43,39)        (76 4)         7
    (43,40)        (76 5)         8
    (43,41)        (75 5)         9
    (43,42)        (74 5)         10
    (44,42)        (73 5)         11
    (44,43)        (73 6)         12
    (44,44)        (73 7)         13
    (44,45)        (73 8)         14
    (43,45)        (73 9)         15
    (44,45)        (73 10)         16
    (45,45)        (73 11)         17
    (45,46)        (74 11)         18
    (46,46)        (75 11)         19
    (47,46)        (76 11)         20
    (47,47)        (76 12)         21
    (48,47)        (76 13)         22
    (49,47)        (76 14)         23
    (49,48)        (77 14)         24
    (50,48)        (78 14)         25
    (50,49)        (78 15)         26
    (50,50)        (78 16)         27
    (50,51)        (77 16)         28
    (50,52)        (77 17)         29
    (50,53)        (77 18)         30
    (50,54)        (77 19)         31
    (49,54)        (77 20)         32
    (49,53)        (77 21)         33
    (48,53)        (76 21)         34
    (47,53)        (75 21)         35
    (46,53)        (74 21)         36
    (45,53)        (74 22)         37
    (44,53)        (73 22)         38
    (44,52)        (73 23)         39
    (43,52)        (73 24)         40
    (43,51)        (73 25)         41
    (42,51)        (72 25)         42
    (41,51)        (71 25)         43
    (40,51)        (71 26)         44
    (39,51)        (71 27)         45
    (38,51)        (71 28)         46
    (38,50)        (71 29)         47
    (38,49)        (70 29)         48
    (38,48)        (69 29)         49
    (38,47)        (69 30)         50
    (37,47)        (69 31)         51
    (36,47)        (69 32)         52
    (35,47)        (69 33)         53
    (34,47)        (69 34)         54
    (33,47)        (69 35)         55
    (32,47)        (68 35)         56
    (32,46)        (67 35)         57
    (31,46)        (66 35)         58
    (30,46)        (66 36)         59
    (29,46)        (65 36)         60
    (29,45)        (65 37)         61
    (28,45)        (65 38)         62
    (27,45)        (64 38)         63
    (26,45)        (63 38)         64
    (26,44)        (62 38)         65
    (25,44)        (61 38)         66
    (24,44)        (60 38)         67
    (23,44)        (60 39)         68
    (22,44)        (60 40)         69
    (21,44)        (60 41)         70
    (20,44)        (59 41)         71
    (19,44)        (58 41)         72
    (19,45)        (57 41)         73
    (19,46)        (57 42)         74
    (20,46)        (56 42)         75
    (20,45)        (56 43)         76
    (20,44)        (55 43)         77
    (21,44)        (55 44)         78
    (22,44)        (54 44)         79
    (23,44)        (53 44)         80
    (24,44)        (52 44)         81
    (24,43)        (51 44)         82
    (24,42)        (50 44)         83
    (25,42)        (49 44)         84
    (25,41)        (49 45)         85
    (25,40)        (49 46)         86
    (24,40)        (49 47)         87
    (24,39)        (49 48)         88
    (24,38)        (50 48)         89
    (24,37)        (50 49)         90
    (25,37)        (50 50)         91
    (25,36)        (50 51)         92
    (26,36)        (50 52)         93
    (27,36)        (50 53)         94
    (28,36)        (50 54)         95
    (29,36)        (49 54)         96
    (30,36)        (49 53)         97
    (30,37)        (48 53)         98
    (31,37)        (47 53)         99
    (32,37)        (46 53)         100
    (33,37)        (45 53)         101
    (33,36)        (44 53)         102
    (34,36)        (44 52)         103
    (34,35)        (43 52)         104
    (34,34)        (43 51)         105
    (35,34)        (43 50)         106
    (36,34)        (44 50)         107
    (37,34)        (44 49)         108
    (38,34)        (45 49)         109
    (39,34)        (46 49)         110
    (40,34)        (46 48)         111
    (41,34)        (46 47)         112
    (41,33)        (45 47)         113
    (42,33)        (45 46)         114
    (43,33)        (44 46)         115
    (44,33)        (43 46)         116
    (45,33)        (43 45)         117
    (46,33)        (42 45)         118
    (47,33)        (41 45)         119
    (48,33)        (40 45)         120
    (49,33)        (39 45)         121
    (50,33)        (38 45)         122
    (50,32)        (37 45)         123
    (51,32)        (37 44)         124
    (51,31)        (36 44)         125
    (51,30)        (36 43)         126
    (50,30)        (35 43)         127
    (50,29)        (35 42)         128
    (50,28)        (34 42)         129
    (50,27)        (33 42)         130
    (50,26)        (32 42)         131
    (51,26)        (31 42)         132
    (51,25)        (30 42)         133
    (51,24)        (29 42)         134
    (50,24)        (28 42)         135
    (49,24)        (27 42)         136
    (48,24)        (27 43)         137
    (47,24)        (26 43)         138
    (47,23)        (26 44)         139
    (46,23)        (25 44)         140
    (45,23)        (24 44)         141
    (44,23)        (23 44)         142
    (43,23)        (22 44)         143
    (42,23)        (21 44)         144
    (41,23)        (20 44)         145
    (40,23)        (19 44)         146
    (39,23)        (19 45)         147
    (38,23)        (19 46)         148
    (37,23)        (20 46)         149
    (36,23)        (21 46)         150
    (35,23)        (22 46)         151
    (34,23)        (23 46)         152
    (34,22)        (23 45)         153
    (33,22)        (23 44)         154
    (32,22)        (24 44)         155
    (32,21)        (24 43)         156
    (31,21)        (24 42)         157
    (31,20)        (25 42)         158
    (31,19)        (25 41)         159
    (31,18)        (25 40)         160
    (31,19)        (24 40)         161
    (32,19)        (24 39)         162
    (33,19)        (24 38)         163
    (33,20)        (24 37)         164
    (34,20)        (25 37)         165
    (35,20)        (25 36)         166
    (36,20)        (26 36)         167
    (36,19)        (27 36)         168
    (37,19)        (28 36)         169
    (38,19)        (29 36)         170
    (39,19)        (29 35)         171
    (39,18)        (29 34)         172
    (39,17)        (28 34)         173
    (39,16)        (27 34)         174
    (39,15)        (27 33)         175
    (39,14)        (27 32)         176
    (40,14)        (27 31)         177
    (41,14)        (28 31)         178
    (42,14)        (29 31)         179
    (43,14)        (30 31)         180
    (44,14)        (30 30)         181
    (45,14)        (31 30)         182
    (46,14)        (31 29)         183
    (46,15)        (31 28)         184
    (47,15)        (32 28)         185
    (48,15)        (32 27)         186
    (49,15)        (32 26)         187
    (50,15)        (31 26)         188
    (51,15)        (31 25)         189
    (52,15)        (31 24)         190
    (53,15)        (31 23)         191
    (53,16)        (32 23)         192
    (54,16)        (32 22)         193
    (55,16)        (32 21)         194
    (55,15)        (31 21)         195
    (56,15)        (31 20)         196
    (57,15)        (31 19)         197
    (57,16)        (31 18)         198
    (58,16)        (31 19)         199
    (59,16)        (32 19)         200
    (60,16)        (33 19)         201
    (60,17)        (33 20)         202
    (61,17)        (34 20)         203
    (61,18)        (35 20)         204
    (62,18)        (36 20)         205
    (63,18)        (36 19)         206
    (64,18)        (37 19)         207
    (64,17)        (38 19)         208
    (65,17)        (39 19)         209
    (66,17)        (39 18)         210
    (66,18)        (39 17)         211
    (67,18)        (39 16)         212
    (68,18)        (39 15)         213
    (69,18)        (39 14)         214
    (70,18)        (40 14)         215
    (71,18)        (41 14)         216
    (72,18)        (42 14)         217
    (73,18)        (43 14)         218
    (74,18)        (44 14)         219
    (75,18)        (45 14)         220
    (76,18)        (46 14)         221
    (76,19)        (46 15)         222
    (77,19)        (47 15)         223
    (77,20)        (48 15)         224
    (77,21)        (49 15)         225
    (76,21)        (50 15)         226
    (77,21)        (51 15)         227
    (78,21)        (52 15)         228
    (79,21)        (53 15)         229
    (80,21)        (53 16)         230
    (80,20)        (54 16)         231
    (81,20)        (55 16)         232
    (82,20)        (55 15)         233
    (83,20)        (56 15)         234
    (84,20)        (55 15)         235
    (85,20)        (55 16)         236
    (86,20)        (54 16)         237
    (86,19)        (53 16)         238
    (87,19)        (52 16)         239
    (88,19)        (52 17)         240
    (88,18)        (52 18)         241
    (89,18)        (51 18)         242
    (90,18)        (51 19)         243
    (91,18)        (51 20)         244
    (92,18)        (50 20)         245
    (93,18)        (50 21)         246
    (94,18)        (50 22)         247
    (95,18)        (50 23)         248
    (95,19)        (50 24)         249
    (96,19)        (51 24)         250
    (96,20)        (51 25)         251
    (96,21)        (51 26)         252
    (97,21)        (50 26)         253
    (97,22)        (50 27)         254
    (97,23)        (50 26)         255
    (96,23)        (51 26)         256
    (95,23)        (52 26)         257
    (95,24)        (53 26)         258
    (95,25)        (54 26)         259
    (95,26)        (55 26)         260
    (95,27)        (55 25)         261
    (95,28)        (55 24)         262
    (95,29)        (56 24)         263
    (94,29)        (56 23)         264
    (94,30)        (56 22)         265
    (94,31)        (55 22)         266
    (94,32)        (55 21)         267
    (94,33)        (55 20)         268
    (94,34)        (56 20)         269
    (94,35)        (56 19)         270
    (94,36)        (57 19)         271
    (94,37)        (57 18)         272
    (94,38)        (58 18)         273
    (94,39)        (58 17)         274
    (94,40)        (59 17)         275
    (94,41)        (60 17)         276
    (94,42)        (61 17)         277
    (94,43)        (61 18)         278
    (94,44)        (62 18)         279
    (94,45)        (63 18)         280
    (94,46)        (64 18)         281
    (94,47)        (64 17)         282
    (94,48)        (65 17)         283
    (94,49)        (66 17)         284
    (94,50)        (66 18)         285
    (94,51)        (67 18)         286
    (94,52)        (68 18)         287
    (94,53)        (69 18)         288
    (95,53)        (70 18)         289
    (95,54)        (71 18)         290
    (95,55)        (72 18)         291
    (95,56)        (73 18)         292
    (94,56)        (74 18)         293
    (94,57)        (75 18)         294
    (94,58)        (76 18)         295
    (94,59)        (77 18)         296
    (95,59)        (78 18)         297
    (96,59)        (79 18)         298
    (96,60)        (80 18)         299
    (96,61)        (80 19)         300
    (95,61)        (80 20)         301
    (95,62)        (81 20)         302
    (95,63)        (82 20)         303
    (94,63)        (83 20)         304
    (93,63)        (84 20)         305
    (93,64)        (85 20)         306
    (93,65)        (86 20)         307
    (94,65)        (86 19)         308
    (94,66)        (87 19)         309
    (94,67)        (88 19)         310
    (93,67)        (88 18)         311
    (93,68)        (89 18)         312
    (93,69)        (90 18)         313
    (92,69)        (91 18)         314
    (92,70)        (92 18)         315
    (92,71)        (93 18)         316
    (92,72)        (94 18)         317
    (93,72)        (95 18)         318
    (94,72)        (95 19)         319
    (94,73)        (96 19)         320
    (93,73)        (96 20)         321
    (93,74)        (96 21)         322
    (93,75)        (97 21)         323
    (92,75)        (97 22)         324
    (91,75)        (97 23)         325
    (91,76)        (96 23)         326
    (90,76)        (95 23)         327
    (89,76)        (95 24)         328
    (89,75)        (95 25)         329
    (88,75)        (95 26)         330
    (87,75)        (95 27)         331
    (86,75)        (95 28)         332
    (86,76)        (95 29)         333
    (85,76)        (94 29)         334
    (84,76)        (94 30)         335
    (83,76)        (94 31)         336
    (82,76)        (94 32)         337
    (81,76)        (94 33)         338
    (80,76)        (94 34)         339
    (80,77)        (94 35)         340
    (80,78)        (94 36)         341
    (80,79)        (94 37)         342
    (79,79)        (94 38)         343
    (78,79)        (94 39)         344
    (77,79)        (94 40)         345
    (76,79)        (94 41)         346
    (76,80)        (94 42)         347
    (75,80)        (94 43)         348
    (74,80)        (94 44)         349
    (73,80)        (94 45)         350
    (72,80)        (94 46)         351
    (71,80)        (94 47)         352
    (70,80)        (94 48)         353
    (69,80)        (94 49)         354
    (68,80)        (94 50)         355
    (67,80)        (94 51)         356
    (66,80)        (94 52)         357
    (65,80)        (94 53)         358
    (64,80)        (95 53)         359
    (64,81)        (95 54)         360
    (64,82)        (95 55)         361
    (65,82)        (95 56)         362
    (65,83)        (94 56)         363
    (65,84)        (94 57)         364
    (64,84)        (94 58)         365
    (64,85)        (94 59)         366
    (64,86)        (95 59)         367
    (64,87)        (96 59)         368
    (64,88)        (96 60)         369
    (63,88)        (96 61)         370
    (63,89)        (95 61)         371
    (63,90)        (95 62)         372
    (64,90)        (95 63)         373
    (64,91)        (94 63)         374
    (64,92)        (93 63)         375
    (64,91)        (93 64)         376
    (64,90)        (93 65)         377
    (63,90)        (94 65)         378
    (63,89)        (94 66)         379
    (63,88)        (94 67)         380
    (64,88)        (93 67)         381
    (65,88)        (93 68)         382
    (65,87)        (93 69)         383
    (65,86)        (92 69)         384
    (65,85)        (92 70)         385
    (65,84)        (92 71)         386
    (65,83)        (92 72)         387
    (65,82)        (93 72)         388
    (66,82)        (94 72)         389
    (66,81)        (94 73)         390
    (66,80)        (93 73)         391
    (65,80)        (93 74)         392
    (65,79)        (93 75)         393
    (65,78)        (92 75)         394
    (65,77)        (91 75)         395
    (65,76)        (91 76)         396
    (65,75)        (90 76)         397
    (66,75)        (89 76)         398
    (66,74)        (89 75)         399
    (66,73)        (88 75)         400
    (66,72)        (87 75)         401
    (67,72)        (86 75)         402
    (67,71)        (86 76)         403
    (67,70)        (85 76)         404
    (67,69)        (84 76)         405
    (66,69)        (83 76)         406
    (66,68)        (82 76)         407
    (66,67)        (81 76)         408
    (67,67)        (80 76)         409
    (67,66)        (80 77)         410
    (67,65)        (80 78)         411
    (68,65)        (80 79)         412
    (68,64)        (79 79)         413
    (68,63)        (78 79)         414
    (68,62)        (77 79)         415
    (67,62)        (76 79)         416
    (67,61)        (76 80)         417
    (66,61)        (75 80)         418
    (65,61)        (74 80)         419
    (65,62)        (73 80)         420
    (65,63)        (72 80)         421
    (66,63)        (71 80)         422
Wait for 2nd     (70 80)         423
Wait for 2nd     (69 80)         424
Wait for 2nd     (68 80)         425
Wait for 2nd     (67 80)         426
Wait for 2nd     (66 80)         427
Wait for 2nd     (65 80)         428
Wait for 2nd     (64 80)         429
Wait for 2nd     (64 81)         430
Wait for 2nd     (64 82)         431
Wait for 2nd     (65 82)         432
Wait for 2nd     (65 83)         433
Wait for 2nd     (65 84)         434
Wait for 2nd     (64 84)         435
Wait for 2nd     (64 85)         436
Wait for 2nd     (64 86)         437
Wait for 2nd     (64 87)         438
Wait for 2nd     (64 88)         439
Wait for 2nd     (63 88)         440
Wait for 2nd     (63 89)         441
Wait for 2nd     (63 90)         442
Wait for 2nd     (64 90)         443
Wait for 2nd     (64 91)         444
Wait for 2nd     (64 92)         445
Wait for 2nd     (64 91)         446
Wait for 2nd     (64 90)         447
Wait for 2nd     (63 90)         448
Wait for 2nd     (63 89)         449
Wait for 2nd     (63 88)         450
Wait for 2nd     (64 88)         451
Wait for 2nd     (65 88)         452
Wait for 2nd     (65 87)         453
Wait for 2nd     (65 86)         454
Wait for 2nd     (65 85)         455
Wait for 2nd     (65 84)         456
Wait for 2nd     (65 83)         457
Wait for 2nd     (66 83)         458
Wait for 2nd     (66 82)         459
Wait for 2nd     (66 81)         460
Wait for 2nd     (66 80)         461
Wait for 2nd     (66 79)         462
Wait for 2nd     (65 79)         463
Wait for 2nd     (65 78)         464
Wait for 2nd     (65 77)         465
Wait for 2nd     (65 76)         466
Wait for 2nd     (65 75)         467
Wait for 2nd     (66 75)         468
Wait for 2nd     (66 74)         469
Wait for 2nd     (66 73)         470
Wait for 2nd     (66 72)         471
Wait for 2nd     (67 72)         472
Wait for 2nd     (67 71)         473
Wait for 2nd     (67 70)         474
Wait for 2nd     (67 69)         475
Wait for 2nd     (66 69)         476
Wait for 2nd     (66 68)         477
Wait for 2nd     (66 67)         478
Wait for 2nd     (67 67)         479
Wait for 2nd     (67 66)         480
Wait for 2nd     (67 65)         481
Wait for 2nd     (68 65)         482
Wait for 2nd     (68 64)         483
Wait for 2nd     (68 63)         484
Wait for 2nd     (68 62)         485
Wait for 2nd     (67 62)         486
Wait for 2nd     (67 61)         487
Wait for 2nd     (66 61)         488
Wait for 2nd     (65 61)         489
Wait for 2nd     (65 62)         490
Wait for 2nd     (65 63)         491
    (65,63)        (65 62)         492
    (65,62)        (65 61)         493
    (64,62)        (66 61)         494
    (63,62)        (67 61)         495
    (62,62)        (68 61)         496
    (61,62)        (69 61)         497
    (60,62)        (70 61)         498
    (59,62)        (70 60)         499
    (58,62)        (71 60)         500
    (57,62)        (71 59)         501
    (56,62)        (71 58)         502
    (55,62)        (71 57)         503
    (54,62)        (71 56)         504
    (54,61)        (70 56)         505
    (53,61)        (70 55)         506
    (53,60)        (70 54)         507
    (52,60)        (70 53)         508
    (51,60)        (70 52)         509
    (50,60)        (70 51)         510
    (49,60)        (70 50)         511
    (48,60)        (70 49)         512
    (48,61)        (70 48)         513
    (47,61)        (69 48)         514
    (46,61)        (69 47)         515
    (46,60)        (69 46)         516
    (45,60)        (69 45)         517
    (45,59)        (70 45)         518
    (44,59)        (71 45)         519
    (44,58)        (71 44)         520
    (43,58)        (71 43)         521
    (42,58)        (71 42)         522
    (41,58)        (71 41)         523
    (40,58)        (71 40)         524
    (40,57)        (71 39)         525
    (39,57)        (71 38)         526
    (39,56)        (72 38)         527
    (39,55)        (72 37)         528
    (39,54)        (72 36)         529
    (39,53)        (71 36)         530
    (39,52)        (71 35)         531
    (39,51)        (71 34)         532
    (39,50)        (71 33)         533
    (39,49)        (71 32)         534
    (38,49)        (71 31)         535
    (38,48)        (72 31)         536
    (38,47)        (72 30)         537
    (38,46)        (72 29)         538
    (39,46)        (71 29)         539
    (39,45)        (71 28)         540
    (39,44)        (71 27)         541
    (39,43)        (71 26)         542
    (39,42)        (71 25)         543
    (39,41)        (71 24)         544
    (39,40)        (70 24)         545
    (40,40)        (70 23)         546
    (40,39)        (69 23)         547
    (40,38)        (69 22)         548
    (39,38)        (69 21)         549
    (39,37)        (70 21)         550
    (39,36)        (70 20)         551
Wait for 2nd     (70 19)         552
Wait for 2nd     (70 18)         553
Wait for 2nd     (71 18)         554
Wait for 2nd     (71 17)         555
Wait for 2nd     (71 16)         556
Wait for 2nd     (71 15)         557
Wait for 2nd     (71 14)         558
Wait for 2nd     (72 14)         559
Wait for 2nd     (72 13)         560
Wait for 2nd     (72 12)         561
Wait for 2nd     (71 12)         562
Wait for 2nd     (71 11)         563
Wait for 2nd     (71 10)         564
Wait for 2nd     (71 9)         565
Wait for 2nd     (71 8)         566
Wait for 2nd     (71 7)         567
Wait for 2nd     (71 6)         568
Wait for 2nd     (72 6)         569
Wait for 2nd     (72 5)         570
Wait for 2nd     (72 4)         571
Wait for 2nd     (72 3)         572
Wait for 2nd     (71 3)         573
Wait for 2nd     (71 2)         574
Number of nodes: 2350
