First Robot | Second Robot | Step
    (6,31)        (37 23)         0
    (5,31)        (37 24)         1
    (5,30)        (37 25)         2
    (5,29)        (37 26)         3
    (6,29)        (38 26)         4
    (6,28)        (38 27)         5
    (7,28)        (38 28)         6
    (8,28)        (37 28)         7
    (8,27)        (37 29)         8
    (9,27)        (37 30)         9
    (10,27)        (36 30)         10
    (11,27)        (35 30)         11
    (12,27)        (34 30)         12
    (12,26)        (33 30)         13
    (12,25)        (32 30)         14
    (13,25)        (31 30)         15
    (13,24)        (31 29)         16
    (13,23)        (30 29)         17
    (12,23)        (29 29)         18
    (13,23)        (28 29)         19
    (14,23)        (27 29)         20
    (15,23)        (26 29)         21
    (16,23)        (25 29)         22
    (17,23)        (25 28)         23
    (18,23)        (25 27)         24
    (19,23)        (25 26)         25
    (20,23)        (24 26)         26
    (20,24)        (23 26)         27
    (21,24)        (22 26)         28
    (22,24)        (21 26)         29
    (23,24)        (20 26)         30
    (24,24)        (19 26)         31
    (25,24)        (18 26)         32
    (25,25)        (17 26)         33
    (25,26)        (16 26)         34
    (26,26)        (15 26)         35
    (27,26)        (14 26)         36
    (28,26)        (14 25)         37
    (29,26)        (13 25)         38
    (30,26)        (13 24)         39
    (31,26)        (13 23)         40
    (31,27)        (12 23)         41
    (31,28)        (11 23)         42
    (31,29)        (11 24)         43
    (32,29)        (10 24)         44
    (33,29)        (9 24)         45
    (33,28)        (8 24)         46
    (34,28)        (7 24)         47
    (35,28)        (6 24)         48
    (35,27)        (6 25)         49
    (35,26)        (6 26)         50
    (35,25)        (6 27)         51
    (35,24)        (6 28)         52
    (34,24)        (7 28)         53
    (34,23)        (8 28)         54
    (34,22)        (8 27)         55
    (34,21)        (9 27)         56
    (34,20)        (10 27)         57
    (35,20)        (11 27)         58
    (35,19)        (12 27)         59
    (35,18)        (12 26)         60
    (34,18)        (12 25)         61
    (34,17)        (13 25)         62
    (34,16)        (14 25)         63
    (35,16)        (14 24)         64
    (36,16)        (15 24)         65
    (37,16)        (16 24)         66
    (38,16)        (17 24)         67
    (38,15)        (18 24)         68
    (38,14)        (19 24)         69
    (39,14)        (20 24)         70
    (39,13)        (21 24)         71
    (39,12)        (22 24)         72
    (38,12)        (23 24)         73
    (38,11)        (24 24)         74
    (38,10)        (25 24)         75
    (38,9)        (26 24)         76
    (38,8)        (27 24)         77
    (38,7)        (28 24)         78
    (37,7)        (29 24)         79
    (36,7)        (30 24)         80
    (35,7)        (31 24)         81
    (34,7)        (32 24)         82
    (34,6)        (32 23)         83
    (34,5)        (32 22)         84
    (35,5)        (33 22)         85
    (36,5)        (34 22)         86
    (36,4)        (34 21)         87
    (37,4)        (34 20)         88
    (37,3)        (35 20)         89
    (38,3)        (35 19)         90
Wait for 2nd     (35 18)         91
Wait for 2nd     (34 18)         92
Wait for 2nd     (34 17)         93
Wait for 2nd     (34 16)         94
Wait for 2nd     (35 16)         95
Wait for 2nd     (36 16)         96
Wait for 2nd     (37 16)         97
Wait for 2nd     (38 16)         98
Wait for 2nd     (38 15)         99
Wait for 2nd     (38 14)         100
Wait for 2nd     (39 14)         101
Wait for 2nd     (39 13)         102
Wait for 2nd     (39 12)         103
Wait for 2nd     (38 12)         104
Wait for 2nd     (38 11)         105
Wait for 2nd     (38 10)         106
Wait for 2nd     (38 9)         107
Wait for 2nd     (38 8)         108
Wait for 2nd     (38 7)         109
Wait for 2nd     (37 7)         110
Wait for 2nd     (36 7)         111
Wait for 2nd     (35 7)         112
Wait for 2nd     (34 7)         113
Wait for 2nd     (34 6)         114
Wait for 2nd     (34 5)         115
Wait for 2nd     (35 5)         116
Wait for 2nd     (36 5)         117
Wait for 2nd     (36 4)         118
Wait for 2nd     (37 4)         119
Wait for 2nd     (37 3)         120
    (37,3)        (37 4)         121
    (36,3)        (36 4)         122
    (35,3)        (36 5)         123
    (34,3)        (35 5)         124
    (33,3)        (34 5)         125
    (32,3)        (34 6)         126
    (32,4)        (34 7)         127
    (32,5)        (35 7)         128
    (31,5)        (36 7)         129
    (30,5)        (36 8)         130
    (29,5)        (36 9)         131
    (28,5)        (36 10)         132
    (27,5)        (37 10)         133
    (26,5)        (37 11)         134
    (25,5)        (37 12)         135
    (24,5)        (37 13)         136
    (23,5)        (36 13)         137
    (22,5)        (36 14)         138
    (22,6)        (36 15)         139
    (21,6)        (37 15)         140
    (20,6)        (37 16)         141
    (19,6)        (37 17)         142
    (18,6)        (37 18)         143
    (17,6)        (38 18)         144
    (16,6)        (39 18)         145
    (15,6)        (40 18)         146
    (14,6)        (40 19)         147
    (13,6)        (40 20)         148
    (12,6)        (40 21)         149
    (11,6)        (40 22)         150
    (10,6)        (40 23)         151
    (9,6)        (39 23)         152
    (9,7)        (38 23)         153
    (8,7)        (37 23)         154
    (7,7)    Wait for 1st      155
    (7,8)    Wait for 1st      156
    (7,9)    Wait for 1st      157
    (6,9)    Wait for 1st      158
    (6,10)    Wait for 1st      159
    (6,11)    Wait for 1st      160
    (6,12)    Wait for 1st      161
    (6,13)    Wait for 1st      162
    (6,14)    Wait for 1st      163
    (6,15)    Wait for 1st      164
    (6,16)    Wait for 1st      165
    (6,17)    Wait for 1st      166
    (6,18)    Wait for 1st      167
    (6,19)    Wait for 1st      168
    (6,20)    Wait for 1st      169
    (6,21)    Wait for 1st      170
    (6,22)    Wait for 1st      171
    (6,23)    Wait for 1st      172
    (6,24)    Wait for 1st      173
    (6,25)    Wait for 1st      174
    (6,26)    Wait for 1st      175
    (6,27)    Wait for 1st      176
    (6,28)    Wait for 1st      177
    (6,29)    Wait for 1st      178
    (5,29)    Wait for 1st      179
    (5,30)    Wait for 1st      180
    (5,31)    Wait for 1st      181
    (6,31)    Wait for 1st      182
Number of nodes: 761
